1 1499
2 1499
3 1499
4 324
5 1249
6 1499
7 1499
8 1499
9 1499
10 1499
11 1499
12 699
13 874
14 499
15 1499
16 274
17 499
18 1499
19 874
20 1049
21 1499
22 1499
23 249
24 1499
25 1499
26 1499
27 1499
28 1499
29 1499
30 1499
31 1374
32 1124
33 1374
34 1499
35 999
36 574
37 1499
38 499
39 1499
40 1199
41 1499
42 749
43 749
44 1499
45 749
46 249
47 1499
48 499
49 1499
50 1499
51 1499
52 1499
53 1249
54 1499
55 874
56 1499
57 1499
58 1374
59 1499
60 1499
61 1499
62 624
63 1499
64 1499
65 1499
66 1499
67 1499
68 1499
69 749
70 1499
71 1499
72 1499
73 1124
74 1499
75 1499
76 1499
77 749
78 1449
79 1499
80 749
81 1049
82 1499
83 1499
84 449
85 1124
86 699
87 1499
88 1499
89 1499
90 1499
91 1499
92 624
93 1074
94 624
95 1499
96 1499
97 1499
98 1499
99 1499
100 999
101 1499
102 499
103 1499
104 374
105 424
106 1499
107 1499
108 1499
109 1499
110 1499
111 1499
112 1499
113 999
114 1499
115 1499
116 1499
117 1499
118 1499
119 1499
120 1499
121 1499
122 1499
123 1499
124 1499
125 1499
126 1124
127 1499
128 949
129 449
130 1499
131 1499
132 1499
133 499
134 424
135 1499
136 1499
137 749
138 1499
139 1499
140 1499
141 1499
142 1499
143 1499
144 1499
145 1499
146 1499
147 1499
148 1499
149 1499
150 1499
151 1374
152 1499
153 1499
154 1374
155 1499
156 1499
157 874
158 1499
159 1249
160 1499
161 1499
162 1499
163 1499
164 1499
165 1499
166 1499
167 749
168 1499
169 1499
170 1499
171 1124
172 800
173 1499
174 1499
175 1499
176 1499
177 1499
178 374
179 1499
180 1499
181 1499
182 1499
183 1499
184 1499
185 1499
186 1274
187 724
188 1499
189 1499
190 1374
191 699
192 1499
193 1499
194 1449
195 1324
196 1499
197 1499
198 374
199 1499
200 999
201 1499
202 574
203 1249
204 874
205 1499
206 749
207 1499
208 999
209 999
210 1499
211 1499
212 1499
213 1499
214 1499
215 1499
216 1499
217 1124
218 1249
219 499
220 1499
221 1499
222 874
223 1124
224 1499
225 1499
226 1499
227 1499
228 1499
229 1499
230 1499
231 1499
232 1499
233 499
234 1499
235 1499
236 1174
237 1499
238 524
239 1499
240 749
241 1499
242 1499
243 1499
244 1499
245 374
246 1499
247 1499
248 1324
